                     (Memory) variable & definitions 

                            2nd Linear order
 π=3.14159265358979
 pi=3.14159265358979
 e=2.71828182845905
 a=123
 b=456
 c=789
              Function and Definitions variable's 
 π=3.14159265358979
 pi=3.14159265358979
 e=2.71828182845905
 c=299792458
 q=1.602176565E-19
 G=6.67384E-11
 h=4.13566762E-15
 h=6.582119514E-16
 k=8.6173324E-5
 NA=6.022140857E-23
 me=9.10938291E-31
